image_width: 1920
image_height: 1080
camera_name: go2_front_camera_1080p
distortion_model: equidistant
camera_matrix:
  rows: 3
  cols: 3
  data:
  - 1196.2134247297394
  - 0.0
  - 965.3028251731779
  - 0.0
  - 1194.7308169154975
  - 523.917540801463
  - 0.0
  - 0.0
  - 1.0
distortion_coefficients:
  rows: 1
  cols: 4
  data:
  - -0.07309428880537933
  - -0.02341140740909078
  - -0.0069305931780026956
  - 0.009238684474464793
rectification_matrix:
  rows: 3
  cols: 3
  data:
  - 1.0
  - 0.0
  - 0.0
  - 0.0
  - 1.0
  - 0.0
  - 0.0
  - 0.0
  - 1.0
projection_matrix:
  rows: 3
  cols: 4
  data:
  - 1196.2134247297394
  - 0.0
  - 965.3028251731779
  - 0.0
  - 0.0
  - 1194.7308169154975
  - 523.917540801463
  - 0.0
  - 0.0
  - 0.0
  - 1.0
  - 0.0
